327.700000 1.275000
329.600000 1.297500
331.500000 1.307500
333.400000 1.305000
335.300000 1.302500
337.200000 1.295000
339.100000 1.287500
341.000000 1.282500
342.900000 1.280000
344.800000 1.280000
346.700000 1.277500
348.600000 1.272500
350.500000 1.267500
352.400000 1.262500
354.300000 1.257500
356.200000 1.255000
358.100000 1.250000
360.000000 1.250000
361.900000 1.252500
363.800000 1.247500
365.700000 1.250000
367.600000 1.250000
369.500000 1.252500
371.400000 1.250000
373.300000 1.255000
375.200000 1.255000
377.100000 1.257500
379.000000 1.257500
380.900000 1.262500
382.800000 1.262500
384.700000 1.270000
386.600000 1.270000
388.500000 1.275000
390.400000 1.277500
392.300000 1.280000
394.200000 1.285000
396.100000 1.292500
398.000000 1.302500
399.900000 1.317500
401.800000 1.332500
403.700000 1.347500
405.600000 1.367500
407.500000 1.387500
409.400000 1.415000
411.300000 1.447500
413.200000 1.505000
415.100000 1.570000
417.000000 1.650000
418.900000 1.757500
420.800000 1.887500
422.700000 2.052500
424.600000 2.255000
426.500000 2.520000
428.400000 2.860000
430.300000 2.945000
432.200000 2.942500
434.100000 2.942500
436.000000 2.945000
437.900000 2.947500
439.800000 2.945000
441.700000 2.947500
443.600000 2.907500
445.500000 2.862500
447.400000 2.920000
449.300000 2.945000
451.200000 2.947500
453.100000 2.945000
455.000000 2.945000
456.900000 2.947500
458.800000 2.947500
460.700000 2.947500
462.600000 2.945000
464.500000 2.945000
466.400000 2.945000
468.300000 2.945000
470.200000 2.945000
472.100000 2.945000
474.000000 2.945000
475.900000 2.947500
477.800000 2.947500
479.700000 2.945000
481.600000 2.947500
483.500000 2.947500
485.400000 2.947500
487.300000 2.947500
489.200000 2.945000
491.100000 2.945000
493.000000 2.947500
494.900000 2.945000
496.800000 2.947500
498.700000 2.947500
500.600000 2.945000
502.500000 2.945000
504.400000 2.947500
506.300000 2.947500
508.200000 2.945000
510.100000 2.947500
512.000000 2.945000
513.900000 2.945000
515.800000 2.947500
517.700000 2.922500
519.600000 2.947500
521.500000 2.947500
523.400000 2.945000
525.300000 2.947500
527.200000 2.947500
529.100000 2.945000
531.000000 2.945000
532.900000 2.947500
534.800000 2.947500
536.700000 2.947500
538.600000 2.945000
540.500000 2.947500
542.400000 2.947500
544.300000 2.947500
546.200000 2.947500
548.100000 2.945000
550.000000 2.947500
551.900000 2.947500
553.800000 2.947500
555.700000 2.947500
557.600000 2.945000
559.500000 2.947500
561.400000 2.945000
563.300000 2.947500
565.200000 2.947500
567.100000 2.870000
569.000000 2.852500
570.900000 2.942500
572.800000 2.940000
574.700000 2.937500
576.600000 2.937500
578.500000 2.932500
580.400000 2.932500
582.300000 2.930000
584.200000 2.925000
586.100000 2.927500
588.000000 2.922500
589.900000 2.920000
591.800000 2.915000
593.700000 2.910000
595.600000 2.905000
597.500000 2.895000
599.400000 2.887500
601.300000 2.877500
603.200000 2.870000
605.100000 2.862500
607.000000 2.855000
608.900000 2.847500
610.800000 2.840000
612.700000 2.832500
614.600000 2.827500
616.500000 2.830000
618.400000 2.822500
620.300000 2.817500
622.200000 2.812500
624.100000 2.800000
626.000000 2.792500
627.900000 2.780000
629.800000 2.765000
631.700000 2.737500
633.600000 2.730000
635.500000 2.725000
637.400000 2.712500
639.300000 2.702500
641.200000 2.695000
643.100000 2.680000
645.000000 2.680000
646.900000 2.667500
648.800000 2.655000
650.700000 2.650000
652.600000 2.642500
654.500000 2.632500
656.400000 2.620000
658.300000 2.607500
660.200000 2.602500
662.100000 2.595000
664.000000 2.585000
665.900000 2.577500
667.800000 2.572500
669.700000 2.560000
671.600000 2.550000
673.500000 2.542500
675.400000 2.535000
677.300000 2.527500
679.200000 2.522500
681.100000 2.510000
683.000000 2.475000
684.900000 2.415000
686.800000 2.345000
688.700000 2.267500
690.600000 2.145000
692.500000 2.077500
694.400000 2.030000
696.300000 1.972500
698.200000 1.907500
700.100000 1.852500
702.000000 1.792500
703.900000 1.740000
705.800000 1.682500
707.700000 1.635000
709.600000 1.587500
711.500000 1.547500
713.400000 1.500000
715.300000 1.460000
717.200000 1.422500
719.100000 1.390000
721.000000 1.360000
722.900000 1.330000
724.800000 1.307500
726.700000 1.007500
728.600000 1.265000
730.500000 1.255000
732.400000 1.235000
734.300000 1.222500
736.200000 1.200000
738.100000 1.182500
740.000000 1.150000
741.900000 1.125000
743.800000 1.092500
745.700000 1.067500
747.600000 1.042500
749.500000 1.020000
751.400000 1.000000
753.300000 0.982500
755.200000 0.970000
757.100000 0.960000
759.000000 0.950000
760.900000 0.942500
762.800000 0.935000
764.700000 0.932500
766.600000 0.922500
768.500000 0.915000
770.400000 0.910000
772.300000 0.902500
774.200000 0.897500
776.100000 0.890000
778.000000 0.887500
779.900000 0.885000
781.800000 0.880000
783.700000 0.872500
785.600000 0.870000
787.500000 0.867500
789.400000 0.860000
791.300000 0.852500
793.200000 0.845000
795.100000 0.827500
797.000000 0.820000
798.900000 0.805000
800.800000 0.802500
802.700000 0.790000
804.600000 0.785000
806.500000 0.787500
808.400000 0.792500
810.300000 0.795000
812.200000 0.807500
